0.541	S	171	-0.280674846625767
0.585	E	172	-0.055725971370143
0.465	E	173	-0.66922290388548
0.473	Y	174	-0.628323108384458
0.501	R	175	-0.485173824130879
0.413	T	176	-0.935071574642127
0.451	R	177	-0.74079754601227
0.407	A	178	-0.965746421267893
0.396	A	179	-1.0219836400818
0.403	V	180	-0.986196319018405
0.387	A	181	-1.06799591002045
0.344	E	182	-1.28783231083845
0.271	A	183	-1.66104294478528
0.236	T	184	-1.83997955010225
0.21	S	185	-1.97290388548057
0.013	G	186	-2.98006134969325
0.019	G	187	-2.94938650306748
0.27	L	188	-1.6661554192229
0.334	R	189	-1.33895705521472
0.338	A	190	-1.31850715746421
0.321	Y	191	-1.40541922290389
0.229	Q	192	-1.87576687116564
0.245	S	193	-1.7939672801636
0.29	S	194	-1.56390593047035
0.184	S	195	-2.1058282208589
0.324	A	196	-1.390081799591
0.319	G	197	-1.41564417177914
0.33	N	198	-1.35940695296524
0.378	S	199	-1.1140081799591
0.485	T	200	-0.566973415132924
0.76	P	201	0.838957055214724
0.417	A	202	-0.914621676891615
0.391	L	203	-1.04754601226994
0.678	P	204	0.419734151329244
0.577	P	205	-0.096625766871166
0.477	K	206	-0.607873210633947
0.692	P	207	0.491308793456033
0.504	G	208	-0.469836400817996
0.399	E	209	-1.00664621676892
0.42	A	210	-0.899284253578732
0.567	L	211	-0.147750511247443
0.68	V	212	0.429959100204499
0.59	V	213	-0.030163599182004
0.547	K	214	-0.25
0.554	L	215	-0.214212678936605
0.567	Q	216	-0.147750511247443
0.35	A	217	-1.25715746421268
0.256	S	218	-1.73773006134969
0.405	H	219	-0.975971370143149
0.041	K	220	-2.83691206543967
0.418	H	221	-0.909509202453988
0.645	E	222	0.251022494887526
0.443	P	223	-0.781697341513292
0.892	N	224	1.5138036809816
0.866	E	225	1.38087934560327
0.827	I	226	1.18149284253579
0.485	V	227	-0.566973415132924
0.894	V	228	1.52402862985685
0.449	G	229	-0.751022494887526
0.563	S	230	-0.168200408997955
0.64	E	231	0.225460122699387
0.612	G	232	0.082310838445808
0.519	A	233	-0.393149284253579
0.667	V	234	0.363496932515338
0.546	D	235	-0.255112474437627
0.682	E	236	0.440184049079755
0.784	Y	237	0.961656441717792
0.647	V	238	0.261247443762781
0.545	D	239	-0.260224948875255
0.605	L	240	0.046523517382413
0.638	A	241	0.215235173824131
0.414	C	242	-0.929959100204499
0.529	N	243	-0.3420245398773
0.855	L	244	1.32464212678937
0.861	L	245	1.35531697341513
0.576	Q	246	-0.101738241308793
0.826	D	247	1.17638036809816
0.649	E	248	0.271472392638037
0.602	S	249	0.03118609406953
0.756	M	250	0.818507157464213
0.809	M	251	1.08946830265849
0.828	F	252	1.18660531697342
0.866	I	253	1.38087934560327
0.572	M	254	-0.122188139059304
0.805	I	255	1.06901840490798
0.675	R	256	0.40439672801636
0.77	A	257	0.890081799591002
0.478	L	258	-0.602760736196319
0.563	D	259	-0.168200408997955
0.607	A	260	0.056748466257669
0.53	S	261	-0.336912065439673
0.55	H	262	-0.234662576687116
0.775	V	263	0.915644171779141
0.664	Q	264	0.348159509202454
0.82	R	265	1.14570552147239
0.799	V	266	1.03834355828221
0.775	V	267	0.915644171779141
0.692	Q	268	0.491308793456033
0.919	V	269	1.65184049079755
0.688	A	270	0.470858895705522
0.731	E	271	0.690695296523517
0.62	E	272	0.12321063394683
0.672	T	273	0.389059304703477
0.914	K	274	1.62627811860941
0.876	R	275	1.43200408997955
0.532	T	276	-0.326687116564417
0.796	R	277	1.02300613496933
0.703	R	278	0.547546012269939
0.822	R	279	1.15593047034765
0.61	A	280	0.072085889570552
0.714	R	281	0.603783231083844
0.334	Y	282	-1.33895705521472
0.492	E	283	-0.53118609406953
0.558	E	284	-0.193762781186094
0.777	E	285	0.925869120654397
0.922	L	286	1.66717791411043
0.715	H	287	0.608895705521472
0.899	Q	288	1.54959100204499
0.923	Y	289	1.67229038854806
0.837	L	290	1.23261758691207
0.493	R	291	-0.526073619631902
0.606	Y	292	0.051635991820041
0.693	E	293	0.496421267893661
0.504	D	294	-0.469836400817996
0.254	E	295	-1.74795501022495
0.046	Q	296	-2.81134969325153
0.173	P	297	-2.1620654396728
0.235	T	298	-1.84509202453988
0.423	A	299	-0.883946830265849
0.49	P	300	-0.541411042944785
0.686	K	301	0.460633946830266
0.707	G	302	0.56799591002045
0.716	P	303	0.6140081799591
0.718	K	304	0.624233128834356
0.451	V	305	-0.74079754601227
0.775	I	306	0.915644171779141
0.542	K	307	-0.275562372188139
0.741	L	308	0.741820040899796
0.703	D	309	0.547546012269939
0.581	G	310	-0.076175869120655
0.346	S	311	-1.27760736196319
0.302	P	312	-1.50255623721881
0.144	P	313	-2.31032719836401
0.166	K	314	-2.1978527607362
0.043	E	315	-2.82668711656442
0.265	S	316	-1.69171779141104
0.331	P	317	-1.35429447852761
0.379	L	318	-1.10889570552147
0.416	K	319	-0.919734151329243
0.389	T	320	-1.05777096114519
0.712	Y	321	0.593558282208589
0.498	K	322	-0.500511247443763
0.823	P	323	1.16104294478528
0.843	P	324	1.26329243353783
0.508	Q	325	-0.449386503067485
0.624	T	326	0.143660531697342
0.811	L	327	1.09969325153374
0.515	T	328	-0.41359918200409
0.819	I	329	1.14059304703477
0.729	H	330	0.680470347648262
0.871	L	331	1.40644171779141
0.85	S	332	1.29907975460123
0.766	K	333	0.869631901840491
0.7	I	334	0.532208588957056
0.494	P	335	-0.520961145194274
0.752	M	336	0.798057259713702
0.729	P	337	0.680470347648262
0.777	E	338	0.925869120654397
0.818	L	339	1.13548057259714
0.523	A	340	-0.372699386503067
0.807	P	341	1.07924335378323
0.509	I	342	-0.444274028629857

