0.003 M 1 -3.03118609406953
0.003 P 2 -3.03118609406953
0.629 P 3 0.169222903885481
0.589 P 4 -0.035276073619632
0.778 L 5 0.930981595092025
0.777 D 6 0.925869120654397
0.519 K 7 -0.393149284253579
0.66 N 8 0.327709611451943
0.698 L 9 0.5219836400818
0.716 Y 10 0.6140081799591
0.763 T 11 0.854294478527608
0.783 L 12 0.956543967280164
0.384 T 13 -1.08333333333333
0.552 I 14 -0.224437627811861
0.461 E 15 -0.689672801635992
0.527 E 16 -0.352249488752556
0.488 S 17 -0.551635991820041
0.44 K 18 -0.797034764826176
0.457 D 19 -0.710122699386503
0.512 E 20 -0.428936605316973
0.594 P 21 -0.009713701431493
0.406 G 22 -0.970858895705521
0.556 A 23 -0.203987730061349
0.554 T 24 -0.214212678936605
0.663 D 25 0.343047034764826
0.744 L 26 0.757157464212679
0.528 F 27 -0.347137014314928
0.61 D 28 0.072085889570552
0.529 S 29 -0.3420245398773
0.465 D 30 -0.66922290388548
0.584 G 31 -0.060838445807771
0.448 V 32 -0.756134969325153
0.472 G 33 -0.633435582822086
0.516 L 34 -0.408486707566462
0.783 Y 35 0.956543967280164
0.515 R 36 -0.41359918200409
0.64 R 37 0.225460122699387
0.48 R 38 -0.592535787321063
0.581 W 39 -0.076175869120655
0.45 G 40 -0.745910020449898
0.421 D 41 -0.894171779141104
0.517 S 42 -0.403374233128834
0.407 K 43 -0.965746421267893
0.387 E 44 -1.06799591002045
0.005 G 45 -3.02096114519427
0.006 S 46 -3.01584867075665
0.696 Y 47 0.511758691206544
0.468 A 48 -0.653885480572597
0.467 I 49 -0.658997955010225
0.477 N 50 -0.607873210633947
0.649 I 51 0.271472392638037
0.58 F 52 -0.081288343558282
0.727 D 53 0.670245398773006
0.523 H 54 -0.372699386503067
0.519 L 55 -0.393149284253579
0.65 S 56 0.276584867075665
0.502 D 57 -0.480061349693252
0.608 S 58 0.061860940695297
0.574 L 59 -0.111963190184049
0.812 L 60 1.10480572597137
0.573 A 61 -0.117075664621676
0.6 T 62 0.020961145194275
0.546 V 63 -0.255112474437627
0.517 T 64 -0.403374233128834
0.532 A 65 -0.326687116564417
0.582 Q 66 -0.071063394683027
0.507 T 67 -0.454498977505112
0.514 A 68 -0.418711656441718
0.565 T 69 -0.157975460122699
0.64 S 70 0.225460122699387
0.811 K 71 1.09969325153374
0.402 N 72 -0.991308793456033
0.773 K 73 0.905419222903886
0.491 V 74 -0.536298568507157
0.709 I 75 0.578220858895705
0.631 E 76 0.179447852760736
0.833 L 77 1.21216768916155
0.521 H 78 -0.382924335378323
0.731 N 79 0.690695296523517
0.845 P 80 1.27351738241309
0.538 T 81 -0.29601226993865
0.403 I 82 -0.986196319018405
0.427 M 83 -0.863496932515337
0.755 I 84 0.813394683026585
0.645 E 85 0.251022494887526
0.711 L 86 0.588445807770961
0.608 N 87 0.061860940695297
0.531 F 88 -0.331799591002045
0.661 T 89 0.332822085889571
0.749 G 90 0.782719836400818
0.598 R 91 0.010736196319018
0.698 L 92 0.5219836400818
0.566 S 93 -0.152862985685071
0.68 F 94 0.429959100204499
0.586 K 95 -0.050613496932516
0.812 W 96 1.10480572597137
0.485 N 97 -0.566973415132924
0.773 F 98 0.905419222903886
0.49 V 99 -0.541411042944785
0.706 W 100 0.562883435582822
0.735 E 101 0.711145194274029
0.537 E 102 -0.301124744376278
0.652 H 103 0.28680981595092
0.612 E 104 0.082310838445808
0.783 F 105 0.956543967280164
0.655 E 106 0.302147239263804
0.822 W 107 1.15593047034765
0.7 K 108 0.532208588957056
0.784 K 109 0.961656441717792
0.761 E 110 0.844069529652352
0.537 E 111 -0.301124744376278
0.795 C 112 1.0178936605317
0.564 Y 113 -0.163087934560327
0.658 I 114 0.317484662576687
0.594 L 115 -0.009713701431493
0.862 R 116 1.36042944785276
0.835 K 117 1.22239263803681
0.88 P 118 1.45245398773006
0.874 D 119 1.42177914110429
0.876 P 120 1.43200408997955
0.601 P 121 0.026073619631902
0.801 V 122 1.04856850715746
0.569 L 123 -0.137525562372188
0.768 I 124 0.879856850715747
0.757 A 125 0.823619631901841
0.668 V 126 0.368609406952966
0.618 T 127 0.112985685071575
0.585 E 128 -0.055725971370143
0.687 P 129 0.465746421267894
0.468 E 130 -0.653885480572597
0.566 K 131 -0.152862985685071
0.665 K 132 0.353271983640082
0.409 N 133 -0.955521472392638
0.623 K 134 0.138548057259714
0.549 K 135 -0.239775051124744
0.503 G 136 -0.474948875255624
0.528 I 137 -0.347137014314928
0.715 V 138 0.608895705521472
0.84 Q 139 1.24795501022495
0.729 F 140 0.680470347648262
0.84 L 141 1.24795501022495
0.814 D 142 1.11503067484663
0.86 Y 143 1.35020449897751
0.896 N 144 1.53425357873211
0.803 L 145 1.05879345603272
0.628 S 146 0.164110429447853
0.902 R 147 1.56492842535787
0.766 F 148 0.869631901840491
0.768 D 149 0.879856850715747
0.849 I 150 1.2939672801636
0.563 S 151 -0.168200408997955
0.901 D 152 1.55981595092025
0.688 K 153 0.470858895705522
0.823 K 154 1.16104294478528
0.905 G 155 1.58026584867076
0.913 L 156 1.62116564417178
0.923 E 157 1.67229038854806
0.766 V 158 0.869631901840491
0.702 L 159 0.542433537832311
0.73 L 160 0.68558282208589
0.785 V 161 0.96676891615542
0.606 A 162 0.051635991820041
0.706 S 163 0.562883435582822
0.888 L 164 1.49335378323108
0.763 L 165 0.854294478527608
0.658 S 166 0.317484662576687
0.801 F 167 1.04856850715746
0.513 Q 168 -0.423824130879345
0.887 D 169 1.48824130879346
0.486 Q 170 -0.561860940695297
