0.69 M 1 0.159909056460781
0.273 N 2 -1.42023493747632
0.279 K 3 -1.39749905267147
0.378 N 4 -1.02235695339144
0.62 K 5 -0.10534293292914
0.592 K 6 -0.211443728685108
0.672 K 7 0.09170140204623
0.739 K 8 0.345585449033725
0.77 K 9 0.463054187192118
0.786 K 10 0.523683213338386
0.525 T 11 -0.465327775672603
0.43 N 12 -0.825312618416067
0.502 H 13 -0.552482000757863
0.832 V 14 0.697991663508905
0.647 I 15 -0.003031451307313
0.788 V 16 0.531261841606669
0.806 E 17 0.59946949602122
0.693 N 18 0.171276998863206
0.863 I 19 0.815460401667298
0.933 Q 20 1.08071239105722
0.883 K 21 0.891246684350132
0.876 E 22 0.86472148541114
0.594 C 23 -0.203865100416825
0.562 S 24 -0.32512315270936
0.471 F 25 -0.669950738916256
0.918 V 26 1.02387267904509
0.691 L 27 0.163698370594922
0.69 K 28 0.159909056460781
0.933 K 29 1.08071239105722
0.73 E 30 0.311481621826449
0.679 N 31 0.118226600985222
0.628 N 32 -0.075028419856006
0.933 D 33 1.08071239105722
0.876 I 34 0.86472148541114
0.933 Y 35 1.08071239105722
0.889 V 36 0.913982569154983
0.635 S 37 -0.048503220917014
0.721 N 38 0.277377794619174
0.616 N 39 -0.120500189465707
0.933 K 40 1.08071239105722
0.895 P 41 0.936718453959833
0.878 I 42 0.872300113679424
0.603 Q 43 -0.169761273209549
0.851 I 44 0.769988632057597
0.933 Y 45 1.08071239105722
0.582 N 46 -0.249336870026525
0.641 D 47 -0.025767336112164
0.889 R 48 0.913982569154983
0.882 I 49 0.887457370215991
0.814 I 50 0.629784009094354
0.908 K 51 0.985979537703675
0.742 L 52 0.35695339143615
0.903 L 53 0.967032967032967
1 N 54 1.33459643804471
0.579 E 55 -0.260704812428951
0.483 R 56 -0.624478969306556
0.725 T 57 0.292535051155741
0.048 H 58 -2.2728306176582
0.814 K 59 0.629784009094354
0.693 N 60 0.171276998863206
0.918 V 61 1.02387267904509
0.702 E 62 0.205380826070481
0.471 E 63 -0.669950738916256
0.894 I 64 0.932929139825691
1 I 65 1.33459643804471
0.883 E 66 0.891246684350132
1 G 67 1.33459643804471
0.815 D 68 0.633573323228496
0.729 Y 69 0.307692307692307
0.914 K 70 1.00871542250853
0.5 D 71 -0.560060629026146
0.55 L 72 -0.37059492231906
0.971 N 73 1.2247063281546
0.637 K 74 -0.040924592648731
0.452 N 75 -0.741947707464949
0.41 K 76 -0.901098901098901
0.414 Y 77 -0.885941644562334
0.468 I 78 -0.681318681318681
0.742 N 79 0.35695339143615
0.784 D 80 0.516104585070102
0.602 T 81 -0.173550587343691
0.954 V 82 1.16028798787419
0.487 Y 83 -0.609321712769989
0.992 I 84 1.30428192497158
0.811 H 85 0.618416066691929
1 A 86 1.33459643804471
1 V 87 1.33459643804471
1 G 88 1.33459643804471
0.537 I 89 -0.419856006062903
1 N 90 1.33459643804471
1 I 91 1.33459643804471
0.899 L 92 0.9518757104964
0.862 K 93 0.811671087533156
0.876 A 94 0.86472148541114
0.842 S 95 0.735884804850322
1 Y 96 1.33459643804471
0.841 I 97 0.73209549071618
0.844 I 98 0.743463433118605
1 Q 99 1.33459643804471
1 D 100 1.33459643804471
0.835 L 101 0.70935960591133
0.775 F 102 0.482000757862827
0.759 S 103 0.421371731716559
0.839 Y 104 0.724516862447897
1 Y 105 1.33459643804471
0.546 H 106 -0.385752178855627
0.549 E 107 -0.374384236453202
0.891 F 108 0.921561197423266
0.834 V 109 0.705570291777188
0.628 K 110 -0.075028419856006
0.622 S 111 -0.097764304660857
0.949 I 112 1.14134141720349
0.7 Q 113 0.197802197802198
0.518 E 114 -0.491852974611595
0.486 P 115 -0.613111026904131
