0.6	T	116	-0.181129215611974
0.117	I	117	-2.01136794240243
0.139	S	118	-1.92800303145131
0.113	H	119	-2.02652519893899
0.169	N	120	-1.81432360742706
0.14	K	121	-1.92421371731717
0.276	N	122	-1.40886699507389
0.117	N	123	-2.01136794240243
0.241	N	124	-1.54149298976885
0.153	N	125	-1.87495263357332
0.225	N	126	-1.60212201591512
0.114	I	127	-2.02273588480485
0.127	L	128	-1.97347480106101
0.177	E	129	-1.78400909435392
0.718	K	130	0.266009852216748
0.59	K	131	-0.219022356953392
0.513	K	132	-0.510799545282304
0.702	K	133	0.205380826070481
0.863	K	134	0.815460401667298
0.391	E	135	-0.973095869647594
0.748	E	136	0.379689276241
0.007	K	137	-2.42819249715801
0.396	K	138	-0.954149298976885
0.439	K	139	-0.791208791208791
0.716	N	140	0.258431223948465
0.527	P	141	-0.45774914740432
0.453	L	142	-0.738158393330807
0.593	R	143	-0.207654414550967
0.501	Y	144	-0.556271314892005
0.777	I	145	0.48957938613111
0.717	D	146	0.262220538082607
0.899	I	147	0.9518757104964
0.547	H	148	-0.381962864721485
0.843	I	149	0.739674118984463
0.53	E	150	-0.446381205001895
0.772	C	151	0.470632815460402
0.623	N	152	-0.093974990526715
0.844	T	153	0.743463433118605
0.933	L	154	1.08071239105722
0.491	I	155	-0.594164456233422
0.908	M	156	0.985979537703675
0.739	N	157	0.345585449033725
0.933	D	158	1.08071239105722
0.74	N	159	0.349374763167866
0.874	I	160	0.857142857142857
0.925	I	161	1.05039787798408
0.679	T	162	0.118226600985222
0.933	N	163	1.08071239105722
0.61	I	164	-0.143236074270557
0.911	Y	165	0.997347480106101
0.433	D	166	-0.813944676013642
0.774	M	167	0.478211443728685
0.62	D	168	-0.10534293292914
0.716	Q	169	0.258431223948465
0.523	H	170	-0.472906403940887
0.933	F	171	1.08071239105722
0.034	N	172	-2.32588101553619
0.034	H	173	-2.32588101553619
0.029	N	174	-2.3448275862069
0.028	K	175	-2.34861690034104
0.034	N	176	-2.32588101553619
0.03	N	177	-2.34103827207275
0.034	D	178	-2.32588101553619
0.03	D	179	-2.34103827207275
0.028	D	180	-2.34861690034104
0.029	K	181	-2.3448275862069
0.034	S	182	-2.32588101553619
0.697	F	183	0.186434255399773
0.501	Y	184	-0.556271314892005
0.933	D	185	1.08071239105722
0.68	E	186	0.122015915119363
0.84	Y	187	0.728306176582038
0.913	D	188	1.00492610837438
0.548	N	189	-0.378173550587344
0.766	L	190	0.447896930655551
0.933	I	191	1.08071239105722
0.561	K	192	-0.328912466843501
0.901	F	193	0.959454338764683
0.887	A	194	0.906403940886699
0.695	S	195	0.178855627131489
0.6	M	196	-0.181129215611974
0.693	K	197	0.171276998863206
0.933	Y	198	1.08071239105722
0.744	D	199	0.364532019704433
0.604	P	200	-0.165971959075408
0.44	L	201	-0.78741947707465
0.557	K	202	-0.344069723380068
0.933	H	203	1.08071239105722
0.773	K	204	0.474422129594543
0.933	Y	205	1.08071239105722
0.453	L	206	-0.738158393330807
0.933	E	207	1.08071239105722
0.47	R	208	-0.673740053050398
0.488	C	209	-0.605532398635847
0.821	K	210	0.656309208033346
0.71	E	211	0.235695339143615
0.772	R	212	0.470632815460402
0.562	R	213	-0.32512315270936
0.664	V	214	0.061386888973096
0.725	T	215	0.292535051155741
0.39	S	216	-0.976885183781736
0.687	V	217	0.148541114058355
0.428	T	218	-0.83289124668435
0.632	I	219	-0.059871163319439
0.472	G	220	-0.666161424782114
0.624	I	221	-0.090185676392573
0.706	K	222	0.220538082607048
0.726	K	223	0.296324365289882
0.455	T	224	-0.730579765062524
0.483	P	225	-0.624478969306556
0.381	N	226	-1.01098901098901
0.358	K	227	-1.09814323607427

