0.338	Y	118	-0.18331374853114
0.632	Y	119	1.54406580493537
0.278	S	120	-0.535840188014101
0.263	T	121	-0.623971797884841
0.254	D	122	-0.676850763807286
0.252	S	123	-0.688601645123384
0.264	Q	124	-0.618096357226792
0.312	S	125	-0.336075205640423
0.309	L	126	-0.353701527614571
0.11	S	127	-1.52291421856639
0.242	P	128	-0.747356051703878
0.319	N	129	-0.294947121034078
0.3	T	130	-0.406580493537015
0.235	S	131	-0.788484136310223
0.259	K	132	-0.647473560517039
0.225	R	133	-0.847238542890717
0.332	S	134	-0.218566392479436
0.273	K	135	-0.565217391304348
0.307	S	136	-0.36545240893067
0.275	R	137	-0.553466509988249
0.345	K	138	-0.142185663924794
0.227	H	139	-0.835487661574618
0.247	K	140	-0.717978848413631
0.17	R	141	-1.17038777908343
0.193	S	142	-1.0352526439483
0.192	S	143	-1.04112808460635
0.199	H	144	-1
0.178	K	145	-1.12338425381904
0.234	D	146	-0.794359576968273
0.184	S	147	-1.08813160987074
0.226	S	148	-0.841363102232667
0.287	E	149	-0.482961222091657
0.168	Y	150	-1.18213866039953
0.213	L	151	-0.917743830787309
0.201	K	152	-0.988249118683901
0.199	I	153	-1
0.214	L	154	-0.91186839012926
0.296	D	155	-0.430082256169213
0.289	P	156	-0.471210340775558
0.285	E	157	-0.494712103407756
0.275	S	158	-0.553466509988249
0.285	P	159	-0.494712103407756
0.221	N	160	-0.870740305522914
0.272	S	161	-0.571092831962397
0.236	S	162	-0.782608695652174
0.316	N	163	-0.312573443008226
0.321	K	164	-0.283196239717979
0.246	E	165	-0.72385428907168
0.325	A	166	-0.259694477085781
0.357	L	167	-0.071680376028202
0.479	E	168	0.645123384253819
0.263	Q	169	-0.623971797884841
0.221	E	170	-0.870740305522914
0.328	L	171	-0.242068155111633
0.425	K	172	0.327849588719154
0.392	R	173	0.133960047003525
0.429	L	174	0.351351351351351
0.404	F	175	0.204465334900117
0.366	D	176	-0.018801410105758
0.501	V	177	0.774383078730905
0.327	E	178	-0.247943595769683
0.543	I	179	1.02115158636898
0.447	S	180	0.45710928319624
0.524	T	181	0.90951821386604
0.356	D	182	-0.077555816686252
0.381	T	183	0.069330199764982
0.436	I	184	0.392479435957697
0.273	H	185	-0.565217391304348
0.341	S	186	-0.165687426556992
0.249	V	187	-0.706227967097532
0.479	D	188	0.645123384253819
0.479	D	189	0.645123384253819
0.309	T	190	-0.353701527614571
0.388	W	191	0.110458284371328
0.275	S	192	-0.553466509988249
0.288	F	193	-0.477085781433607
0.289	E	194	-0.471210340775558
0.284	G	195	-0.500587544065805
0.227	N	196	-0.835487661574618
0.25	V	197	-0.700352526439483
0.35	N	198	-0.112808460634548
0.199	D	199	-1
0.08	D	200	-1.69917743830787
0.091	F	201	-1.63454759106933
0.113	G	202	-1.50528789659224
0.117	N	203	-1.48178613396005
0.129	V	204	-1.41128084606345
0.107	D	205	-1.54054054054054
0.103	L	206	-1.56404230317274
0.114	M	207	-1.4994124559342
0.085	D	208	-1.66980023501763
0.226	D	209	-0.841363102232667
0.178	S	210	-1.12338425381904
0.143	M	211	-1.32902467685076
0.23	L	212	-0.81786133960047
0.179	Q	213	-1.11750881316099
0.182	T	214	-1.09988249118684
0.145	A	215	-1.31727379553467
0.163	P	216	-1.21151586368978
0.174	K	217	-1.14688601645123
0.206	E	218	-0.958871915393654
0.289	R	219	-0.471210340775558
0.344	F	220	-0.148061104582844
0.388	V	221	0.110458284371328
0.479	S	222	0.645123384253819
0.345	S	223	-0.142185663924794
0.3	I	224	-0.406580493537015
0.217	T	225	-0.894242068155112
0.314	I	226	-0.324324324324324
0.231	T	227	-0.811985898942421
0.297	I	228	-0.424206815511164
0.205	K	229	-0.964747356051704
0.235	F	230	-0.788484136310223
0.19	R	231	-1.05287896592244
0.184	G	232	-1.08813160987074
0.153	H	233	-1.27027027027027
0.118	N	234	-1.475910693302
0.065	S	235	-1.78730904817861
0.005	K	236	-2.13983548766157
0.005	L	237	-2.13983548766157
