0.448 M 1 0.462984723854289
0.453 V 2 0.492361927144536
0.432 F 3 0.368977673325499
0.469 F 4 0.586368977673325
0.733 N 5 2.13748531139835
0.521 D 6 0.891891891891892
0.794 I 7 2.49588719153937
0.805 Y 8 2.56051703877791
0.732 I 9 2.1316098707403
0.553 K 10 1.07990599294947
0.483 N 11 0.668625146886016
0.461 S 12 0.539365452408931
0.613 V 13 1.43243243243243
0.805 P 14 2.56051703877791
0.702 L 15 1.95534665099883
0.716 C 16 2.03760282021152
0.716 V 17 2.03760282021152
0.716 Y 18 2.03760282021152
0.673 Y 19 1.78495887191539
0.566 R 20 1.15628672150411
0.716 R 21 2.03760282021152
0.542 C 22 1.01527614571093
0.598 V 23 1.34430082256169
0.428 R 24 0.345475910693302
0.805 L 25 2.56051703877791
0.663 L 26 1.7262044653349
0.716 R 27 2.03760282021152
0.428 S 28 0.345475910693302
0.523 H 29 0.90364277320799
0.621 I 30 1.47943595769683
0.405 L 31 0.210340775558167
0.499 M 32 0.762632197414806
0.426 E 33 0.333725029377203
0.543 S 34 1.02115158636898
0.568 S 35 1.16803760282021
0.645 I 36 1.62044653349001
0.501 L 37 0.774383078730905
0.573 N 38 1.19741480611046
0.536 Q 39 0.980023501762632
0.679 E 40 1.82021151586369
0.491 S 41 0.715628672150411
0.558 F 42 1.10928319623972
0.569 K 43 1.17391304347826
0.442 S 44 0.427732079905993
0.598 H 45 1.34430082256169
0.489 N 46 0.703877790834312
0.424 Y 47 0.321974148061104
0.542 K 48 1.01527614571093
0.409 L 49 0.233842538190364
0.551 N 50 1.06815511163337
0.515 I 51 0.856639247943595
0.464 D 52 0.556991774383079
0.445 D 53 0.445358401880141
0.653 L 54 1.66745005875441
0.338 S 55 -0.18331374853114
0.522 T 56 0.897767332549941
0.634 K 57 1.55581668625147
0.565 N 58 1.15041128084606
0.518 D 59 0.874265569917744
0.699 I 60 1.93772032902468
0.494 Y 61 0.733254994124559
0.393 A 62 0.139835487661575
0.452 H 63 0.486486486486486
0.456 I 64 0.509988249118684
0.372 N 65 0.016451233842538
0.498 D 66 0.756756756756756
0.378 K 67 0.051703877790834
0.196 L 68 -1.01762632197415
0.137 P 69 -1.36427732079906
0.397 N 70 0.163337250293772
0.287 R 71 -0.482961222091657
0.469 D 72 0.586368977673325
0.505 S 73 0.797884841363102
0.472 I 74 0.603995299647474
0.677 D 75 1.80846063454759
0.567 T 76 1.16216216216216
0.49 S 77 0.709753231492362
0.48 T 78 0.650998824911868
0.403 K 79 0.198589894242068
0.378 S 80 0.051703877790834
0.377 N 81 0.045828437132785
0.183 C 82 -1.09400705052879
0.191 E 83 -1.04700352526439
0.214 N 84 -0.91186839012926
0.149 Q 85 -1.29377203290247
0.179 R 86 -1.11750881316099
0.184 I 87 -1.08813160987074
0.211 K 88 -0.929494712103408
0.24 H 89 -0.759106933019977
0.259 E 90 -0.647473560517039
0.303 G 91 -0.388954171562867
0.451 I 92 0.480611045828437
0.326 R 93 -0.253819036427732
0.463 I 94 0.551116333725029
0.319 C 95 -0.294947121034078
0.405 A 96 0.210340775558167
0.382 S 97 0.075205640423032
0.51 G 98 0.827262044653349
0.275 S 99 -0.553466509988249
0.51 C 100 0.827262044653349
0.477 V 101 0.63337250293772
0.342 R 102 -0.159811985898942
0.442 K 103 0.427732079905993
0.501 A 104 0.774383078730905
0.41 L 105 0.239717978848414
0.502 Y 106 0.780258519388954
0.414 L 107 0.263219741480611
0.479 L 108 0.645123384253819
0.445 Q 109 0.445358401880141
0.479 D 110 0.645123384253819
0.534 V 111 0.968272620446533
0.383 F 112 0.081081081081081
0.255 A 113 -0.670975323149236
0.285 F 114 -0.494712103407756
0.386 L 115 0.098707403055229
0.303 S 116 -0.388954171562867
0.291 N 117 -0.45945945945946
